author: Barbara Morawska
configuration name: piwnica
datetime: 29/11/2021 20:21:48

# Pixel order
# 1------------------------0
# |                        |
# |                        |
# |                        |
# |                        |
# |                        |
# |                        |
# |                        |
# 2------------------------3

ArUco map:
	1:
		[0.38 1.45 0.  ]
		[0.3  1.45 0.  ]
		[0.3  1.37 0.  ]
		[0.38 1.37 0.  ]
	2:
		[1.28 1.45 0.  ]
		[1.2  1.45 0.  ]
		[1.2  1.37 0.  ]
		[1.28 1.37 0.  ]
	3:
		[2.18 1.45 0.  ]
		[2.1  1.45 0.  ]
		[2.1  1.37 0.  ]
		[2.18 1.37 0.  ]
	4:
		[3.08 1.45 0.  ]
		[3.   1.45 0.  ]
		[3.   1.37 0.  ]
		[3.08 1.37 0.  ]
	5:
		[3.98 1.45 0.  ]
		[3.9  1.45 0.  ]
		[3.9  1.37 0.  ]
		[3.98 1.37 0.  ]
	10:
		[0.3  1.45 3.  ]
		[0.38 1.45 3.  ]
		[0.38 1.37 3.  ]
		[0.3  1.37 3.  ]
	9:
		[1.2  1.45 3.  ]
		[1.28 1.45 3.  ]
		[1.28 1.37 3.  ]
		[1.2  1.37 3.  ]
	8:
		[2.1  1.45 3.  ]
		[2.18 1.45 3.  ]
		[2.18 1.37 3.  ]
		[2.1  1.37 3.  ]
	7:
		[2.9  1.45 3.  ]
		[2.98 1.45 3.  ]
		[2.98 1.37 3.  ]
		[2.9  1.37 3.  ]
	6:
		[3.9  1.45 3.  ]
		[3.98 1.45 3.  ]
		[3.98 1.37 3.  ]
		[3.9  1.37 3.  ]
	12:
		[0.   0.66 2.1 ]
		[0.   0.66 2.18]
		[0.   0.58 2.18]
		[0.   0.58 2.18]
	13:
		[1.8  0.76 0.55]
		[1.8  0.76 0.63]
		[1.88 0.76 0.63]
		[1.88 0.76 0.55]
	14:
		[1.8  0.76 2.  ]
		[1.8  0.76 2.08]
		[1.88 0.76 2.08]
		[1.88 0.76 2.  ]
	15:
		[1.8  2.58 0.63]
		[1.8  2.58 0.55]
		[1.88 2.58 0.55]
		[1.88 2.58 0.63]
	16:
		[1.8  2.58 2.08]
		[1.8  2.58 2.  ]
		[1.88 2.58 2.  ]
		[1.88 2.58 2.08]
	17:
		[3.15 0.76 1.4 ]
		[3.15 0.76 1.48]
		[3.23 0.76 1.48]
		[3.23 0.76 1.4 ]
	18:
		[0.   2.33 1.4 ]
		[0.   2.33 1.48]
		[0.   2.25 1.48]
		[0.   2.25 1.4 ]
